#m=1,S=1
0.1	1
0.2	1
0.3	1
0.4	1
0.5	1
0.6	1
0.7	1
0.8	1
0.9	1
1.0	1
#m=2,S=2
0.1	.950421818420516
0.2	.901983631292373
0.3	.856935292020244
0.4	.808996464327933
0.5	.760538814601400
0.6	.716446809613267
0.7	.689068385816092
0.8	.728814069488745
0.9	.806611565444041
1.0	.874482497547588
#m=3,S=3
0.1	.949854719616016
0.2	.902594254600084
0.3	.856775580217595
0.4	.810302051750152
0.5	.764253925478752
0.6	.719171032363792
0.7	.690407217038814
0.8	.733165813061813
0.9	.812324760456683
1.0	.869589146967737
#m=4,S=4
0.1	.951277290838834
0.2	.905468465830250
0.3	.858378845664750
0.4	.812695282229733
0.5	.765058593947490
0.6	.721339853187870
0.7	.696429603367663
0.8	.730495237704504
0.9	.810240607863830
1.0	.871587545702028
