#m=2,S=4
0.1	1
0.2	1
0.3	1
0.4	1
0.5	1
0.6	1
0.7	1
0.8	1
0.9	1
1.0	1
#m=1,S=5
0.1	.999403318828009
0.2	1.000676978258281
0.3	.999813624430996
0.4	1.001613835757988
0.5	1.004884840597254
0.6	1.003802407539500
0.7	1.001942958420790
0.8	1.005970992815932
0.9	1.007082956973840
1.0	.994404289858774
#m=3,S=6
0.1	1.000900097621642
0.2	1.003863523036314
0.3	1.001684553848987
0.4	1.004572106387229
0.5	1.005942864794427
0.6	1.006829597827708
0.7	1.010682854856057
0.8	1.002306717565069
0.9	1.004499120239853
1.0	.996689525686702
