#m=1,S=2
0.1	0.017477253949
0.2	0.067288745534
0.3	0.151828495474
0.4	0.272163809266
0.5	0.417125642777
0.6	0.573144721670
0.7	0.720973966201
0.8	0.855244270869
0.9	0.972841943657
1.0	1.071367771312
#m=2,S=3
0.100000000000000   0.014507421364571
0.200000000000000   0.059082417851139
0.300000000000000   0.139024354995064
0.400000000000000   0.256454345543327
0.500000000000000   0.401826524448206
0.600000000000000   0.557511753918232
0.700000000000000   0.707749284021887
0.800000000000000   0.843593708282125
0.900000000000000   0.962082895177622
1.000000000000000   1.063686126955727
